11 1991
12.27205 0.02671 -0.11480 -0.00870 0.00687 12.18213
-13.8718 -10.4601 1.8609 0.6803 -0.0549 -21.8456
0.2690 0.0019
2 1992
11.77840 -0.08719 0.11815 0.00106 -0.01043 11.79999
-17.6464 8.7883 2.6865 -0.6581 0.0233 -6.8064
0.2710 -0.0018
3 1992
11.79015 0.09813 0.07482 -0.02494 -0.00386 11.93430
-7.9497 12.1083 0.9792 -0.6184 0.0366 4.5560
0.2695 -0.0024
4 1992
11.92937 0.15869 -0.01038 -0.03010 0.00271 12.05029
4.1691 12.3979 -0.6738 -0.5148 0.0105 15.3889
0.2671 -0.0023
5 1992
12.04630 0.06826 -0.07227 -0.01285 0.00805 12.03749
14.7838 9.8123 -2.0931 -0.4881 0.0441 22.0590
0.2649 -0.0017
6 1992
12.04003 -0.07875 -0.05566 0.02555 0.00286 11.93403
21.9202 4.5432 -3.2572 -0.2777 0.1068 23.0353
0.2632 -0.0007
7 1992
11.94055 -0.10689 0.03845 0.03061 -0.00773 11.89499
23.1704 -1.9444 -3.4587 0.1661 0.0750 18.0084
0.2625 0.0005
8 1992
11.89412 0.02526 0.09373 -0.00996 -0.00385 11.99930
18.2579 -7.9079 -2.5132 0.3992 0.0314 8.2674
0.2630 0.0016
9 1992
11.99411 0.16449 0.05213 -0.03660 0.00241 12.17654
8.6293 -11.5422 -1.1279 0.4083 0.0446 -3.5879
0.2645 0.0023
10 1992
12.16584 0.17301 -0.02980 -0.04447 0.00843 12.27301
-2.8119 -12.4355 0.2833 0.4708 0.0527 -14.4406
0.2667 0.0024
11 1992
12.27248 0.02024 -0.10324 -0.03107 0.01871 12.17712
-14.1185 -10.3672 1.9208 0.6374 -0.0316 -21.9591
0.2691 0.0018
12 1992
12.18957 -0.19368 -0.09005 0.02605 0.01101 11.94290
-21.6488 -5.1866 3.4986 0.4976 -0.1781 -23.0173
0.2709 0.0007
1 1993
11.95083 -0.25528 0.04500 0.04047 -0.00714 11.77388
-23.0945 2.3433 3.9372 -0.2105 -0.1302 -17.1547
0.2716 -0.0006

